# N Mean
1 1.5205631514641289e+00
2 8.5185596596070401e-01
3 1.0176698677324085e+00
4 1.1120824259063613e+00
5 1.2366543554871596e+00
6 9.6265431421932490e-01
7 8.2594202178008813e-01
8 8.8578536711204103e-01
9 7.6884522992287685e-01
10 7.5815169366921831e-01
11 7.2851891747987851e-01
12 7.4169340554703644e-01
13 6.9189802191845895e-01
14 6.8106264396620098e-01
15 7.5943774607006342e-01
16 8.2125946219137835e-01
17 8.2631097523186803e-01
18 8.4439874262443360e-01
19 7.6968342280564295e-01
20 7.7224458310391964e-01
21 6.9018063699768484e-01
22 6.4647516767457247e-01
23 5.9278906170428913e-01
24 6.2694494507831766e-01
25 5.8066863798567514e-01
26 5.6613650509155489e-01
27 5.2255261010091825e-01
28 4.7983381710007500e-01
29 5.3214208389009576e-01
30 5.0289637162484990e-01
31 5.0405446232124818e-01
32 5.3571953237614112e-01
33 5.4487710708556059e-01
34 5.2555998196810372e-01
35 5.3661989114355957e-01
36 5.3762660445069277e-01
37 5.3608937084316544e-01
38 5.7246399454862706e-01
39 5.5464569605351044e-01
40 5.7363138098671629e-01
41 5.7379244334411383e-01
42 5.9131504014129121e-01
43 5.8223064074894804e-01
44 6.0705695245955260e-01
45 5.9023222547190524e-01
46 5.7864837365283495e-01
47 5.9661699463951179e-01
48 6.2079329520733706e-01
49 5.9198661221730442e-01
50 6.1710650449483950e-01
51 6.1633943677271130e-01
52 5.9022074651878853e-01
53 5.7109661050868443e-01
54 5.7884816922193760e-01
55 5.9869998082966025e-01
56 5.8884245984601491e-01
57 5.6434546866215374e-01
58 5.3840967000580731e-01
59 5.3560789952812971e-01
60 5.1316922645232121e-01
61 5.0008185983059117e-01
62 5.2285315878551741e-01
63 5.4164317563740483e-01
64 5.5744186602297308e-01
65 5.4578887190151282e-01
66 5.4690238932977020e-01
67 5.4061460634152192e-01
68 5.5149889461738544e-01
69 5.5129754965800626e-01
70 5.5775288869655226e-01
71 5.5827495086254419e-01
72 5.3826892418473438e-01
73 5.3518185385048866e-01
74 5.5221324999781329e-01
75 5.6874946514551961e-01
76 5.7656666993567340e-01
77 5.6716814447092700e-01
78 5.7548141114060036e-01
79 5.7984160150205288e-01
80 5.7337040697381381e-01
81 5.7942242874943972e-01
82 5.6623340521547905e-01
83 5.6327051578892695e-01
84 5.7609141094361560e-01
85 5.8681507999120863e-01
86 5.7988713009667536e-01
87 5.6962296208557928e-01
88 5.8224221528633335e-01
89 5.7627410652643540e-01
90 5.8164894673118772e-01
91 5.9580010950042261e-01
92 5.9764924308823519e-01
93 6.0167357508291208e-01
94 6.1203905809042369e-01
95 6.0895106546311362e-01
96 6.2106521443455243e-01
97 6.1667598541930435e-01
98 6.2512113545594505e-01
99 6.2943966515660699e-01
100 6.4047442942879806e-01
101 6.3856351398860534e-01
102 6.2884695872309426e-01
103 6.4071016419603477e-01
104 6.5147626608983344e-01
105 6.3996677826290183e-01
106 6.4943111534072118e-01
107 6.5199009359876425e-01
108 6.4869259509145338e-01
109 6.5062008918988246e-01
110 6.4327970871769879e-01
111 6.4971868696395485e-01
112 6.4322453459126538e-01
113 6.4055087267108901e-01
114 6.3211024988859510e-01
115 6.2281015492094238e-01
116 6.1596441234579102e-01
117 6.1642053929946061e-01
118 6.1331107576081978e-01
119 6.0402964872550491e-01
120 6.1333283333263000e-01
121 6.0255746748109595e-01
122 5.9252196379100430e-01
123 5.9165863237614025e-01
124 5.9722126989961644e-01
125 6.0807753970105072e-01
126 6.1757701922450015e-01
127 6.2100818482597220e-01
128 6.1732503489481161e-01
129 6.2222416367290434e-01
130 6.1825313645262003e-01
131 6.1263655591491406e-01
132 6.0569828364162781e-01
133 6.0680931535817528e-01
134 6.0029012798275683e-01
135 5.9182256685396051e-01
136 5.9626832406533892e-01
137 5.8736435610987558e-01
138 5.9311107211304015e-01
139 5.8519160973102990e-01
140 5.8983462799998010e-01
141 5.8014494554463469e-01
142 5.8908978462576933e-01
143 5.7907928114733609e-01
144 5.7897935655192134e-01
145 5.7173558146629122e-01
146 5.6590305773854488e-01
147 5.7153224888053444e-01
148 5.7576489067904890e-01
149 5.7840868979499604e-01
150 5.8723406796680500e-01
151 5.8942705451431754e-01
152 5.9396506419283635e-01
153 5.8537994241026381e-01
154 5.7771323651803441e-01
155 5.7760302344075276e-01
156 5.6899464781062725e-01
157 5.6033684236766557e-01
158 5.5434714880048952e-01
159 5.5327742723681073e-01
160 5.5893839231992093e-01
161 5.5993850097126785e-01
162 5.6430148865779517e-01
163 5.5566047618980596e-01
164 5.4906145734555223e-01
165 5.5785490738128085e-01
166 5.5216292499928998e-01
167 5.5885576337254950e-01
168 5.5181736851561558e-01
169 5.6034742549430649e-01
170 5.5212286847934156e-01
171 5.5831875576771806e-01
172 5.5052031182903161e-01
173 5.4162993330180609e-01
174 5.4868497611042522e-01
175 5.5001635646248714e-01
176 5.4428397260276595e-01
177 5.3832414506161974e-01
178 5.3628339532495495e-01
179 5.4300292960924135e-01
180 5.4809227699014584e-01
181 5.4549113792448001e-01
182 5.4610632435047990e-01
183 5.4715650827438023e-01
184 5.4612700299877970e-01
185 5.4891638300343693e-01
186 5.4219597336668002e-01
187 5.4246457224761768e-01
188 5.4634444950760919e-01
189 5.4299281458598414e-01
190 5.5053856495278197e-01
191 5.5148293549051841e-01
192 5.5711501048539736e-01
193 5.6067103576303401e-01
194 5.6235175101186374e-01
195 5.5488462777713354e-01
196 5.5839750519109244e-01
197 5.6317576976376116e-01
198 5.6930179947996995e-01
199 5.7458075540379294e-01
200 5.7917341473939499e-01
201 5.8593525042686245e-01
202 5.8913078691839027e-01
203 5.9465279792291970e-01
204 6.0130051565143172e-01
205 6.0324851803223956e-01
206 6.0270738715422945e-01
207 5.9734118726601559e-01
208 6.0163298685385658e-01
209 6.0672970103395485e-01
210 6.0017853123144171e-01
211 6.0183228681002265e-01
212 5.9778653241564539e-01
213 5.9915109850741521e-01
214 5.9489063047391921e-01
215 5.9724862704921688e-01
216 5.9425488994447995e-01
217 5.9145339796273544e-01
218 5.8733794135220885e-01
219 5.8110572659513038e-01
220 5.8255168502253152e-01
221 5.7842687757785283e-01
222 5.8011592879242335e-01
223 5.7990042199843783e-01
224 5.8585799658245286e-01
225 5.8254363233031536e-01
226 5.8279043322254032e-01
227 5.8532354024946254e-01
228 5.7986090044337435e-01
229 5.7913858335648727e-01
230 5.8000154497952283e-01
231 5.8542558282975232e-01
232 5.8442268236095862e-01
233 5.8195328620049591e-01
234 5.8606055125016643e-01
235 5.8485833565851464e-01
236 5.7818391211459386e-01
237 5.7589127478493540e-01
238 5.7681376480223800e-01
239 5.8067533851531294e-01
240 5.7701283758017807e-01
241 5.7887763054212404e-01
242 5.7834032975121508e-01
243 5.7779492703324709e-01
244 5.7507800950431898e-01
245 5.7736855550584587e-01
246 5.7318277829667963e-01
247 5.7436612115295949e-01
248 5.6851219690793686e-01
249 5.6720070703649483e-01
250 5.6928370970174835e-01
251 5.7108660125278010e-01
252 5.7244308481394923e-01
253 5.7034389325012080e-01
254 5.6634201730324796e-01
255 5.6736545090632640e-01
256 5.6859243609425825e-01
257 5.7101887812002983e-01
258 5.6874796508244119e-01
259 5.7126753017277232e-01
260 5.6755741783698022e-01
261 5.7213667321337802e-01
262 5.7397687526395202e-01
263 5.7544232819806795e-01
264 5.7239821501039712e-01
265 5.7249227049446050e-01
266 5.6756910738789645e-01
267 5.6462499397948929e-01
268 5.6860830289476250e-01
269 5.7042899612954534e-01
270 5.6565415061859647e-01
271 5.6110866259402103e-01
272 5.5935753781633535e-01
273 5.5998286385845675e-01
274 5.6078451167373133e-01
275 5.6238045807869352e-01
276 5.5985854817912184e-01
277 5.6262910117736187e-01
278 5.6012014122866327e-01
279 5.5807285124426398e-01
280 5.5454135158343976e-01
281 5.5951839164466943e-01
282 5.5402625452250753e-01
283 5.5730592643683741e-01
284 5.5532399439500835e-01
285 5.5184778082147989e-01
286 5.5100037945835978e-01
287 5.5561679237165562e-01
288 5.5978753671777470e-01
289 5.6233018989657568e-01
290 5.6417465892814778e-01
291 5.6004838685459324e-01
292 5.6175149982793748e-01
293 5.6035130978797620e-01
294 5.6294474235283753e-01
295 5.6723697652493321e-01
296 5.7122880679480315e-01
297 5.7464470767430087e-01
298 5.7140980814877396e-01
299 5.7411736905222999e-01
300 5.7435073165425587e-01
301 5.7208333838377856e-01
302 5.7586715982701364e-01
303 5.7967264402799246e-01
304 5.8310114488499276e-01
305 5.8281042565417140e-01
306 5.8328685774146127e-01
307 5.7972002833628722e-01
308 5.7725903313642601e-01
309 5.8054860546025977e-01
310 5.8021521146178878e-01
311 5.7960675886220925e-01
312 5.8270682209852598e-01
313 5.8240402774399158e-01
314 5.8014528834949930e-01
315 5.7684725160918482e-01
316 5.7835259358657876e-01
317 5.8025889723532620e-01
318 5.7660139944316380e-01
319 5.7733094514748817e-01
320 5.7701823955088294e-01
321 5.7993843446935422e-01
322 5.8177948269971791e-01
323 5.7853751070778336e-01
324 5.7572071785528844e-01
325 5.7547412009913890e-01
326 5.7175725577683767e-01
327 5.6821890136011610e-01
328 5.6673447731241866e-01
329 5.6493413239686796e-01
330 5.6866368315078042e-01
331 5.7215851783423843e-01
332 5.7304444506165586e-01
333 5.7585957674024502e-01
334 5.7848988589581918e-01
335 5.7822043328268513e-01
336 5.7651416732684180e-01
337 5.7534641454268753e-01
338 5.7653324021223262e-01
339 5.7727104357118875e-01
340 5.7491647685148217e-01
341 5.7162842253633461e-01
342 5.6766937753444735e-01
343 5.6404219231151009e-01
344 5.6513980845569889e-01
345 5.6376489564789778e-01
346 5.6174479063509297e-01
347 5.6010909227874150e-01
348 5.5641178379117850e-01
349 5.5562545536181152e-01
350 5.5919076531821710e-01
351 5.5973640671114988e-01
352 5.5756779183107641e-01
353 5.5875383180706006e-01
354 5.6080631652947655e-01
355 5.6052877928692790e-01
356 5.5747059830707690e-01
357 5.6052841112574459e-01
358 5.6141239868776927e-01
359 5.6138936739386280e-01
360 5.5878420463240941e-01
361 5.5909971054235164e-01
362 5.5832484429099360e-01
363 5.6089093874365603e-01
364 5.5985323047995483e-01
365 5.5758782700153220e-01
366 5.5600436405810283e-01
367 5.5772664155187557e-01
368 5.5870010839527429e-01
369 5.6248285574908730e-01
370 5.6100243933293847e-01
371 5.6405278531531200e-01
372 5.6094571824710282e-01
373 5.6006480161283423e-01
374 5.5593688942900454e-01
375 5.5805398034213771e-01
376 5.6008883333278692e-01
377 5.5828762742494908e-01
378 5.5507523539852877e-01
379 5.5782333357276226e-01
380 5.5941594945288664e-01
381 5.5571010018961098e-01
382 5.5516456415841742e-01
383 5.5883097871242227e-01
384 5.6030206284310635e-01
385 5.5789257374070644e-01
386 5.5753969643145607e-01
387 5.6022187715218896e-01
388 5.5692686852961526e-01
389 5.5369229531823749e-01
390 5.5265382224853288e-01
391 5.5099815852120737e-01
392 5.5207050946228897e-01
393 5.5429752069949478e-01
394 5.5135541134257915e-01
395 5.4781913146115901e-01
396 5.4431521165075181e-01
397 5.4388405702487619e-01
398 5.4589089372193500e-01
399 5.4722006272629731e-01
400 5.4667121433381516e-01
401 5.4370528572657717e-01
402 5.4426549677018266e-01
403 5.4474102789897860e-01
404 5.4485230668609319e-01
405 5.4544559918839064e-01
406 5.4431334530745590e-01
407 5.4276185394631349e-01
408 5.4551530522633351e-01
409 5.4523227016457465e-01
410 5.4270599829431609e-01
411 5.4340303319923133e-01
412 5.4348516502765276e-01
413 5.4424373881942401e-01
414 5.4483394399415919e-01
415 5.4280053359900948e-01
416 5.4507607293999361e-01
417 5.4187510061191901e-01
418 5.3889576368214198e-01
419 5.4183678437129901e-01
420 5.3937752655811377e-01
421 5.3915382711759219e-01
422 5.3710955912893965e-01
423 5.3933934322144494e-01
424 5.3776657587371213e-01
425 5.3666966433372210e-01
426 5.3924751274711780e-01
427 5.3806134263371141e-01
428 5.4017971799334319e-01
429 5.4119896841643000e-01
430 5.3786823174427112e-01
431 5.3609221891166858e-01
432 5.3794101468670152e-01
433 5.3872612163810418e-01
434 5.4096018873701990e-01
435 5.3954296910825028e-01
436 5.3753261388865248e-01
437 5.3537364169371149e-01
438 5.3606303066597405e-01
439 5.3331390774773291e-01
440 5.3442868461890480e-01
441 5.3627076654698724e-01
442 5.3767826574885513e-01
443 5.3556399669789889e-01
444 5.3481624660293847e-01
445 5.3349525300053957e-01
446 5.3297626298525191e-01
447 5.3109709428502505e-01
448 5.3026260234614842e-01
449 5.3041466329893505e-01
450 5.2804523356943933e-01
451 5.2835154836973275e-01
452 5.2506700518937699e-01
453 5.2421838933008935e-01
454 5.2338641366804162e-01
455 5.2205199082180764e-01
456 5.2356552415840474e-01
457 5.2194138630642506e-01
458 5.2287377824233727e-01
459 5.2316588153041310e-01
460 5.2585198325903892e-01
461 5.2700622861799817e-01
462 5.2895936640965135e-01
463 5.3017877311076922e-01
464 5.2889789518808739e-01
465 5.2977696881333725e-01
466 5.2653284295290614e-01
467 5.2668776087323610e-01
468 5.2883528466544860e-01
469 5.2953145746871455e-01
470 5.3037942794496218e-01
471 5.3043285723869926e-01
472 5.2973729428459915e-01
473 5.2880013931503500e-01
474 5.3012461518456111e-01
475 5.3196791093961671e-01
476 5.3302141761246657e-01
477 5.3076901926580655e-01
478 5.2777301284772504e-01
479 5.2498159067369532e-01
480 5.2609030689396474e-01
481 5.2408772670592885e-01
482 5.2477815673638595e-01
483 5.2597096264096665e-01
484 5.2633774424166879e-01
485 5.2319761783859253e-01
486 5.2009870797860269e-01
487 5.1885767664741633e-01
488 5.1735327764722372e-01
489 5.1827096894085856e-01
490 5.2042279479436715e-01
491 5.1843310201444925e-01
492 5.1742828557250309e-01
493 5.1841123332087891e-01
494 5.2067564035642766e-01
495 5.2156299225381531e-01
496 5.2038985850946096e-01
497 5.2267286206725760e-01
498 5.2073736302678786e-01
499 5.1863451770866953e-01
500 5.1861801458272139e-01
501 5.2055065711093618e-01
502 5.2155944499712537e-01
503 5.2392714013437758e-01
504 5.2204104444661525e-01
505 5.2137079262801056e-01
506 5.2255029737869418e-01
507 5.2468880172453169e-01
508 5.2492010582291626e-01
509 5.2627955187807129e-01
510 5.2877205039125696e-01
511 5.2714892829403304e-01
512 5.2959537059100859e-01
513 5.2983851566508455e-01
514 5.3231015292518891e-01
515 5.3221483348325516e-01
516 5.3245803193065511e-01
517 5.3494338872506242e-01
518 5.3661133023335406e-01
519 5.3835661899378107e-01
520 5.3882803282932556e-01
521 5.3965869443076675e-01
522 5.4242927133443719e-01
523 5.4484825021535388e-01
524 5.4375812808002866e-01
525 5.4581369001822222e-01
526 5.4623508995016501e-01
527 5.4693163229629194e-01
528 5.4831617612218153e-01
529 5.4978677767115747e-01
530 5.5136214310129639e-01
531 5.4992521576156439e-01
532 5.5041997346756122e-01
533 5.5015969702620682e-01
534 5.4819472347998099e-01
535 5.4976159545525394e-01
536 5.5171214566461702e-01
537 5.5369976554199296e-01
538 5.5451676082829460e-01
539 5.5392850670798388e-01
540 5.5445075422577528e-01
541 5.5488743863899570e-01
542 5.5559208256898029e-01
543 5.5570272247081254e-01
544 5.5366103697725055e-01
545 5.5399755712233700e-01
546 5.5133252531367538e-01
547 5.5234056648552377e-01
548 5.5234441948334501e-01
549 5.5406661048540318e-01
550 5.5405039345399287e-01
551 5.5184330348651101e-01
552 5.5169400403344937e-01
553 5.5165666782355061e-01
554 5.4911847717049067e-01
555 5.5072917226874452e-01
556 5.5001558603120015e-01
557 5.5066720813931025e-01
558 5.5031900017071544e-01
559 5.4831833289878773e-01
560 5.4776639568715058e-01
561 5.4632848342622553e-01
562 5.4574836107540259e-01
563 5.4309582368403220e-01
564 5.4417684216603546e-01
565 5.4449009296858286e-01
566 5.4607021831666824e-01
567 5.4642643795598755e-01
568 5.4606341177194695e-01
569 5.4586309693255897e-01
570 5.4838876613757470e-01
571 5.4598558043565115e-01
572 5.4367228622149488e-01
573 5.4433306581357277e-01
574 5.4476426131041344e-01
575 5.4323911842798023e-01
576 5.4170461215837362e-01
577 5.4230950792689170e-01
578 5.4443447097826903e-01
579 5.4559056950235862e-01
580 5.4531982153564684e-01
581 5.4492458155612888e-01
582 5.4665453818197340e-01
583 5.4890382157377615e-01
584 5.5112613090908669e-01
585 5.5308533134142335e-01
586 5.5436170622122871e-01
587 5.5341851369988471e-01
588 5.5351512759270383e-01
589 5.5199372359436438e-01
590 5.5179145235564919e-01
591 5.5398717067392478e-01
592 5.5372453320636583e-01
593 5.5557820754331311e-01
594 5.5784462602925089e-01
595 5.5615294772670731e-01
596 5.5584751821579759e-01
597 5.5716213179797935e-01
598 5.5840323657962754e-01
599 5.6033302170160715e-01
600 5.5902039348800692e-01
601 5.6022807558472920e-01
602 5.6243785329369422e-01
603 5.6149771984458319e-01
604 5.6091102879302479e-01
605 5.6111176020987075e-01
606 5.6128046108211205e-01
607 5.6178329365337343e-01
608 5.6015714186312304e-01
609 5.5994979456780447e-01
610 5.5916350858796715e-01
611 5.5982222584721864e-01
612 5.6176625494297450e-01
613 5.6024962921430355e-01
614 5.6067206712795548e-01
615 5.6235601580652472e-01
616 5.6035435517322962e-01
617 5.5964173469337686e-01
618 5.5808407525090120e-01
619 5.5870035388502126e-01
620 5.5905418507500493e-01
621 5.5981200746940230e-01
622 5.6018051151982251e-01
623 5.5795964630094141e-01
624 5.5815941498573951e-01
625 5.5837172362356091e-01
626 5.5704505556054051e-01
627 5.5465221219415928e-01
628 5.5381920570818999e-01
629 5.5139218043043348e-01
630 5.5332818774639292e-01
631 5.5372589304718633e-01
632 5.5492578505346368e-01
633 5.5667407140325209e-01
634 5.5863486563987752e-01
635 5.5699795083465053e-01
636 5.5666296125638448e-01
637 5.5651617812225340e-01
638 5.5781582956337150e-01
639 5.5837797628430275e-01
640 5.6046964310859138e-01
641 5.5876221643139490e-01
642 5.5770287861488044e-01
643 5.5939636212384924e-01
644 5.5868003831261692e-01
645 5.6044688142597054e-01
646 5.6150333095616700e-01
647 5.6129608762143868e-01
648 5.6015050934444999e-01
649 5.6212242146745739e-01
650 5.6028373688329380e-01
651 5.6187629190468302e-01
652 5.6234823527472499e-01
653 5.6325734818945272e-01
654 5.6510805336953696e-01
655 5.6356162683521704e-01
656 5.6246908057604605e-01
657 5.6085420534250163e-01
658 5.5940751344719297e-01
659 5.5989153151453352e-01
660 5.5832914488820351e-01
661 5.5654651036902958e-01
662 5.5522643354425993e-01
663 5.5716541931440622e-01
664 5.5488293942204547e-01
665 5.5327029330020527e-01
666 5.5147854806022301e-01
667 5.5122976965419734e-01
668 5.5182019720443543e-01
669 5.5360471374228770e-01
670 5.5173749914578074e-01
671 5.5217109469943104e-01
672 5.5017630274698581e-01
673 5.4962810359329306e-01
674 5.4953858547094392e-01
675 5.4918335013001884e-01
676 5.4819274179955657e-01
677 5.4698744405046695e-01
678 5.4874287794586507e-01
679 5.4896342375576845e-01
680 5.4752690054648800e-01
681 5.4540740299134571e-01
682 5.4504101462724985e-01
683 5.4635385503133449e-01
684 5.4739741377468554e-01
685 5.4669924101478895e-01
686 5.4880887723109972e-01
687 5.4671017335580796e-01
688 5.4674496253026594e-01
689 5.4537499977221970e-01
690 5.4601268054954566e-01
691 5.4681347476715347e-01
692 5.4599849626308328e-01
693 5.4761758990267284e-01
694 5.4818317764441371e-01
695 5.4742960058612600e-01
696 5.4542252307881833e-01
697 5.4650527906599766e-01
698 5.4774236387159891e-01
699 5.4852690845649388e-01
700 5.4923724888123238e-01
701 5.5089676979218394e-01
702 5.5002486434085796e-01
703 5.5103113922775104e-01
704 5.5009757181374863e-01
705 5.5134298239570256e-01
706 5.4994899918944251e-01
707 5.5026495788720498e-01
708 5.4830175624663002e-01
709 5.4654725794798820e-01
710 5.4503356502127387e-01
711 5.4389068495486592e-01
712 5.4229605130942538e-01
713 5.4261170315704010e-01
714 5.4069509971903640e-01
715 5.4227267239758981e-01
716 5.4408025929829329e-01
717 5.4216113276151645e-01
718 5.4387909619748975e-01
719 5.4368893058009016e-01
720 5.4261562255798690e-01
721 5.4291856013352424e-01
722 5.4148309329235145e-01
723 5.4177669275669593e-01
724 5.4162101224407921e-01
725 5.4286932393046616e-01
726 5.4457088495555894e-01
727 5.4461902356926817e-01
728 5.4489667659955809e-01
729 5.4577911339451968e-01
730 5.4458723335485371e-01
731 5.4355840763944863e-01
732 5.4404638045167319e-01
733 5.4414253249389422e-01
734 5.4210685022050120e-01
735 5.4381086020109626e-01
736 5.4312991862214643e-01
737 5.4187349075780111e-01
738 5.4190873803735473e-01
739 5.4145007405415690e-01
740 5.4061231050341640e-01
741 5.4128585834949305e-01
742 5.4181701203589050e-01
743 5.4153195088363137e-01
744 5.4054476691968556e-01
745 5.4130854406755013e-01
746 5.4058115478514734e-01
747 5.3938033928156925e-01
748 5.4036729775112347e-01
749 5.3934455772447099e-01
750 5.4002639430390031e-01
751 5.3804038369600815e-01
752 5.3936661807102126e-01
753 5.4071836690904551e-01
754 5.4106527614894107e-01
755 5.4030152430494383e-01
756 5.4091472397726648e-01
757 5.4096700381420681e-01
758 5.4229026672797453e-01
759 5.4124723726746504e-01
760 5.4023070624378511e-01
761 5.3849545824016853e-01
762 5.3850156202409882e-01
763 5.3998378562151883e-01
764 5.4036892831610883e-01
765 5.4043785558029500e-01
766 5.4164354030070783e-01
767 5.4338438400615963e-01
768 5.4425268671971683e-01
769 5.4358640017584847e-01
770 5.4298411487281029e-01
771 5.4115371512994970e-01
772 5.3925013466674276e-01
773 5.3727856736328761e-01
774 5.3718100137061497e-01
775 5.3633129256786871e-01
776 5.3708961223102170e-01
777 5.3827796360322089e-01
778 5.3825733467089221e-01
779 5.3808295121725280e-01
780 5.3641204185186930e-01
781 5.3517841650398090e-01
782 5.3507070120418376e-01
783 5.3664805954226780e-01
784 5.3485410045721049e-01
785 5.3322146209465715e-01
786 5.3220537233684972e-01
787 5.3297012359796581e-01
788 5.3335179037816383e-01
789 5.3176145249873796e-01
790 5.3347402726903881e-01
791 5.3482539664930773e-01
792 5.3351662996212401e-01
793 5.3338337073295938e-01
794 5.3431342363193590e-01
795 5.3531745075276116e-01
796 5.3341496695188595e-01
797 5.3366894782464380e-01
798 5.3451571060390279e-01
799 5.3538763238446641e-01
800 5.3692804291526675e-01
801 5.3537034543486417e-01
802 5.3640221174703828e-01
803 5.3802475650770076e-01
804 5.3649044831578663e-01
805 5.3560622367866917e-01
806 5.3459177716517359e-01
807 5.3570037263508452e-01
808 5.3415263485195452e-01
809 5.3502536458397032e-01
810 5.3415698875642481e-01
811 5.3290636594671792e-01
812 5.3448301036452217e-01
813 5.3540318624074257e-01
814 5.3387326115765943e-01
815 5.3560265073913615e-01
816 5.3682840604899573e-01
817 5.3620146685073389e-01
818 5.3686306699333619e-01
819 5.3665876841163684e-01
820 5.3637405562818030e-01
821 5.3689258406607399e-01
822 5.3620530565996727e-01
823 5.3652762784795882e-01
824 5.3513612340029926e-01
825 5.3357086156026212e-01
826 5.3308710924562264e-01
827 5.3173013367003252e-01
828 5.3227107895461756e-01
829 5.3083694869525666e-01
830 5.3217575902562841e-01
831 5.3243469178845459e-01
832 5.3135314703444703e-01
833 5.3192172266742521e-01
834 5.3198734954611315e-01
835 5.3127482628517519e-01
836 5.3282792609194118e-01
837 5.3375001563459645e-01
838 5.3235682796444328e-01
839 5.3066724236163754e-01
840 5.3068407643019522e-01
841 5.3028837561674469e-01
842 5.2922472718643332e-01
843 5.2902155371617288e-01
844 5.2777921264382321e-01
845 5.2706555744058281e-01
846 5.2679866583654089e-01
847 5.2501531991564854e-01
848 5.2551572596335616e-01
849 5.2416490136731042e-01
850 5.2400217466078325e-01
851 5.2250811092199501e-01
852 5.2346849054187461e-01
853 5.2444660126230103e-01
854 5.2506672280570477e-01
855 5.2647679624269561e-01
856 5.2773277199688895e-01
857 5.2616951537565582e-01
858 5.2455573717389914e-01
859 5.2462170822461829e-01
860 5.2346679803080420e-01
861 5.2493036428300099e-01
862 5.2354247958346034e-01
863 5.2312584681221497e-01
864 5.2343307845835885e-01
865 5.2388602090265235e-01
866 5.2455245601253220e-01
867 5.2466051575625716e-01
868 5.2430934599694068e-01
869 5.2539446478647800e-01
870 5.2563313179365745e-01
871 5.2705565750298700e-01
872 5.2606726485106403e-01
873 5.2703137011437795e-01
874 5.2656863687051680e-01
875 5.2613331609132341e-01
876 5.2472502660290055e-01
877 5.2575028629525511e-01
878 5.2533595524698828e-01
879 5.2615108086400497e-01
880 5.2760152670474847e-01
881 5.2875954407141290e-01
882 5.2985435785994495e-01
883 5.3054908108590282e-01
884 5.3097336013648633e-01
885 5.3099306899903120e-01
886 5.3138018119701946e-01
887 5.3135292485095398e-01
888 5.3158387600662727e-01
889 5.3212823868387737e-01
890 5.3050610433769507e-01
891 5.3133363563925806e-01
892 5.3163384415968173e-01
893 5.3038565667894366e-01
894 5.2915684150439468e-01
895 5.2810492729594027e-01
896 5.2900238911595576e-01
897 5.3012149873421077e-01
898 5.3087407376764684e-01
899 5.2978531048348088e-01
900 5.3030790601560873e-01
901 5.2965159162313347e-01
902 5.2830688798044945e-01
903 5.2956601496587730e-01
904 5.2821328684835145e-01
905 5.2811507484178077e-01
906 5.2732351461513538e-01
907 5.2630019378573878e-01
908 5.2556991735679270e-01
909 5.2606206171109537e-01
910 5.2750705163773937e-01
911 5.2656110823926106e-01
912 5.2655472978960638e-01
913 5.2744063720551448e-01
914 5.2884283298909895e-01
915 5.2763792904327356e-01
916 5.2693505346855984e-01
917 5.2710526830493143e-01
918 5.2754802893291708e-01
919 5.2873703157291529e-01
920 5.2783464822675596e-01
921 5.2837118845167519e-01
922 5.2876132593461767e-01
923 5.2981105796541494e-01
924 5.3079501852956279e-01
925 5.3164810806451113e-01
926 5.3008623928031751e-01
927 5.3034636344060926e-01
928 5.3069377744018564e-01
929 5.3151250479779699e-01
930 5.3236388621045538e-01
931 5.3163403009535182e-01
932 5.3023770616784560e-01
933 5.3142719000313432e-01
934 5.3034232834089745e-01
935 5.2927988727077790e-01
936 5.2879920100659672e-01
937 5.2858610464156830e-01
938 5.2816770948750646e-01
939 5.2860902901062612e-01
940 5.2730418647167110e-01
941 5.2671952138901446e-01
942 5.2786771654393150e-01
943 5.2818047718868566e-01
944 5.2689270395311338e-01
945 5.2783500473128520e-01
946 5.2859750126656491e-01
947 5.2824663426080387e-01
948 5.2779530764000848e-01
949 5.2743168376526106e-01
950 5.2668340609867148e-01
951 5.2696968364310315e-01
952 5.2558074956835743e-01
953 5.2681796373274514e-01
954 5.2657664232402812e-01
955 5.2774639983334648e-01
956 5.2826606749585303e-01
957 5.2811318231949156e-01
958 5.2799502283856714e-01
959 5.2731650377287531e-01
960 5.2642684746163493e-01
961 5.2560664638911192e-01
962 5.2581928301790293e-01
963 5.2517306006153830e-01
964 5.2398329520655995e-01
965 5.2473391301542360e-01
966 5.2464667967256895e-01
967 5.2457734213811913e-01
968 5.2359891243315715e-01
969 5.2468559875051135e-01
970 5.2352629815814933e-01
971 5.2286305215605833e-01
972 5.2186600405326822e-01
973 5.2031062622945201e-01
974 5.2152418352765062e-01
975 5.2085211240654483e-01
976 5.2177936466924890e-01
977 5.2221917305790244e-01
978 5.2277169055708705e-01
979 5.2175378210621726e-01
980 5.2033789907293693e-01
981 5.2172302780758795e-01
982 5.2254120463202591e-01
983 5.2133708626920250e-01
984 5.2241681995652900e-01
985 5.2150245771071058e-01
986 5.2298428880603409e-01
987 5.2307077252395218e-01
988 5.2355726461951524e-01
989 5.2342980966630703e-01
990 5.2440173809960178e-01
991 5.2556477510245025e-01
992 5.2617984884999192e-01
993 5.2586728308127817e-01
994 5.2491618720550637e-01
995 5.2591019874854217e-01
996 5.2484415589827271e-01
997 5.2534174900808583e-01
998 5.2478685242229184e-01
999 5.2430317079585809e-01
1000 5.2437641006399671e-01
